Time (DD)	 H
0	 0.000046
1	 0.000046
2	 0.000045
3	 0.000045
4	 0.000045
5	 0.000044
6	 0.000044
7	 0.000044
8	 0.000043
9	 0.000043
10	 0.000043
11	 0.000043
12	 0.000043
13	 0.000043
14	 0.000042
15	 0.000042
16	 0.000042
17	 0.000042
18	 0.000042
19	 0.000042
20	 0.000043
21	 0.000043
22	 0.000043
23	 0.000043
24	 0.000043
25	 0.000044
26	 0.000044
27	 0.000044
28	 0.000045
29	 0.000045
30	 0.000046
31	 0.000046
32	 0.000047
33	 0.000048
34	 0.000049
35	 0.000049
36	 0.000050
37	 0.000051
38	 0.000053
39	 0.000054
40	 0.000055
41	 0.000057
42	 0.000058
43	 0.000060
44	 0.000062
45	 0.000064
46	 0.000066
47	 0.000069
48	 0.000071
49	 0.000074
50	 0.000077
51	 0.000081
52	 0.000085
53	 0.000089
54	 0.000094
55	 0.000099
56	 0.000104
57	 0.000111
58	 0.000118
59	 0.000126
60	 0.000135
61	 0.000146
62	 0.000158
63	 0.000172
64	 0.000188
65	 0.000207
66	 0.000231
67	 0.000259
68	 0.000294
69	 0.000338
70	 0.000395
71	 0.000472
72	 0.000580
73	 0.000741
74	 0.001003
75	 0.001489
76	 0.002840
77	 0.008983
78	 0.007812
79	 0.001216
80	 0.000587
81	 0.000370
82	 0.000264
83	 0.000202
84	 0.000162
85	 0.000135
86	 0.000115
87	 0.000099
88	 0.000088
89	 0.000078
90	 0.000070
91	 0.000064
92	 0.000059
93	 0.000054
94	 0.000050
95	 0.000047
96	 0.000044
97	 0.000042
98	 0.000040
99	 0.000038
100	 0.000036
101	 0.000035
102	 0.000034
103	 0.000033
104	 0.000032
105	 0.000031
106	 0.000031
107	 0.000030
108	 0.000030
109	 0.000030
110	 0.000029
111	 0.000029
112	 0.000029
113	 0.000029
114	 0.000029
115	 0.000030
116	 0.000030
117	 0.000030
118	 0.000031
119	 0.000031
120	 0.000032
121	 0.000032
122	 0.000033
123	 0.000034
124	 0.000034
125	 0.000035
126	 0.000036
127	 0.000037
128	 0.000038
129	 0.000039
130	 0.000040
131	 0.000041
132	 0.000042
133	 0.000044
134	 0.000045
135	 0.000046
136	 0.000048
137	 0.000049
138	 0.000051
139	 0.000052
140	 0.000054
141	 0.000056
142	 0.000058
143	 0.000059
144	 0.000061
145	 0.000063
146	 0.000065
147	 0.000067
148	 0.000069
149	 0.000071
150	 0.000074
151	 0.000076
152	 0.000078
153	 0.000081
154	 0.000083
155	 0.000086
156	 0.000088
157	 0.000091
158	 0.000094
159	 0.000096
160	 0.000099
161	 0.000102
162	 0.000105
163	 0.000108
164	 0.000111
165	 0.000115
166	 0.000118
167	 0.000121
168	 0.000125
169	 0.000128
170	 0.000132
171	 0.000135
172	 0.000139
173	 0.000143
174	 0.000147
175	 0.000151
176	 0.000155
177	 0.000159
178	 0.000163
179	 0.000167
180	 0.000172
181	 0.000176
182	 0.000181
183	 0.000185
184	 0.000190
185	 0.000195
186	 0.000200
187	 0.000204
188	 0.000210
189	 0.000215
190	 0.000220
191	 0.000225
192	 0.000231
193	 0.000236
194	 0.000242
195	 0.000247
196	 0.000253
197	 0.000259
198	 0.000265
199	 0.000271
200	 0.000278
201	 0.000284
202	 0.000290
203	 0.000297
204	 0.000303
205	 0.000310
206	 0.000317
207	 0.000324
208	 0.000331
209	 0.000338
210	 0.000346
211	 0.000353
212	 0.000360
213	 0.000368
214	 0.000376
215	 0.000384
216	 0.000392
217	 0.000400
218	 0.000408
219	 0.000417
220	 0.000425
221	 0.000434
222	 0.000442
223	 0.000451
224	 0.000460
225	 0.000470
226	 0.000479
227	 0.000488
228	 0.000498
229	 0.000508
230	 0.000517
231	 0.000527
232	 0.000537
233	 0.000548
234	 0.000558
235	 0.000569
236	 0.000579
237	 0.000590
238	 0.000601
239	 0.000612
240	 0.000624
241	 0.000635
242	 0.000647
243	 0.000659
244	 0.000671
245	 0.000683
246	 0.000695
247	 0.000707
248	 0.000720
249	 0.000733
250	 0.000746
251	 0.000759
252	 0.000772
253	 0.000786
254	 0.000799
255	 0.000813
256	 0.000827
257	 0.000841
258	 0.000856
259	 0.000870
260	 0.000885
261	 0.000900
262	 0.000915
263	 0.000930
264	 0.000946
265	 0.000961
266	 0.000977
267	 0.000993
268	 0.001010
269	 0.001026
270	 0.001043
271	 0.001060
272	 0.001077
273	 0.001094
274	 0.001112
275	 0.001130
276	 0.001148
277	 0.001166
278	 0.001184
279	 0.001203
280	 0.001222
281	 0.001241
282	 0.001260
283	 0.001280
284	 0.001299
285	 0.001319
286	 0.001340
287	 0.001360
288	 0.001381
289	 0.001402
290	 0.001423
291	 0.001445
292	 0.001466
293	 0.001488
294	 0.001511
295	 0.001533
296	 0.001556
297	 0.001579
298	 0.001602
299	 0.001626
300	 0.001649
301	 0.001674
302	 0.001695
303	 0.001720
304	 0.001745
305	 0.001770
306	 0.001796
307	 0.001821
308	 0.001847
309	 0.001874
310	 0.001900
311	 0.001927
312	 0.001954
313	 0.001982
314	 0.002010
315	 0.002038
316	 0.002066
317	 0.002095
318	 0.002124
319	 0.002153
320	 0.002183
321	 0.002213
322	 0.002244
323	 0.002274
324	 0.002305
325	 0.002337
326	 0.002368
327	 0.002400
328	 0.002433
329	 0.002465
330	 0.002498
331	 0.002532
332	 0.002566
333	 0.002600
334	 0.002634
335	 0.002669
336	 0.002704
337	 0.002740
338	 0.002776
339	 0.002812
340	 0.002849
341	 0.002886
342	 0.002924
343	 0.002961
344	 0.003000
345	 0.003038
346	 0.003077
347	 0.003117
348	 0.003157
349	 0.003197
350	 0.003238
351	 0.003279
352	 0.003321
353	 0.003363
354	 0.003405
355	 0.003448
356	 0.003491
357	 0.003535
358	 0.003579
359	 0.003623
360	 0.003669
361	 0.003714
362	 0.003760
363	 0.003806
364	 0.003853
365	 0.003901
366	 0.003948
367	 0.003997
368	 0.004046
369	 0.004095
370	 0.004145
371	 0.004195
372	 0.004246
373	 0.004297
374	 0.004349
375	 0.004401
376	 0.004454
377	 0.004507
378	 0.004561
379	 0.004615
380	 0.004670
381	 0.004725
382	 0.004781
383	 0.004838
384	 0.004895
385	 0.004952
386	 0.005010
387	 0.005069
388	 0.005128
389	 0.005188
390	 0.005249
391	 0.005310
392	 0.005371
393	 0.005433
394	 0.005496
395	 0.005559
396	 0.005623
397	 0.005688
398	 0.005753
399	 0.005819
400	 0.005885
401	 0.005952
402	 0.006020
403	 0.006088
404	 0.006157
405	 0.006227
406	 0.006297
407	 0.006368
408	 0.006440
409	 0.006512
410	 0.006585
411	 0.006658
412	 0.006733
413	 0.006808
414	 0.006883
415	 0.006960
416	 0.007037
417	 0.007114
418	 0.007193
419	 0.007272
420	 0.007352
421	 0.007433
422	 0.007514
423	 0.007596
424	 0.007679
425	 0.007763
426	 0.007847
427	 0.007932
428	 0.008018
429	 0.008105
430	 0.008193
431	 0.008281
432	 0.008370
433	 0.008460
434	 0.008551
435	 0.008643
436	 0.008735
437	 0.008828
438	 0.008922
439	 0.009017
440	 0.009113
441	 0.009210
442	 0.009307
443	 0.009405
444	 0.009505
445	 0.009605
446	 0.009706
447	 0.009808
448	 0.009911
449	 0.010014
450	 0.010119
451	 0.010225
452	 0.010331
453	 0.010438
454	 0.010547
455	 0.010656
456	 0.010767
457	 0.010878
458	 0.010990
459	 0.011103
460	 0.011218
461	 0.011333
462	 0.011449
463	 0.011566
464	 0.011685
465	 0.011804
466	 0.011924
467	 0.012046
468	 0.012168
469	 0.012291
470	 0.012416
471	 0.012542
472	 0.012668
473	 0.012796
474	 0.012925
475	 0.013055
476	 0.013186
477	 0.013319
478	 0.013452
479	 0.013587
480	 0.013722
481	 0.013859
482	 0.013997
483	 0.014136
484	 0.014277
485	 0.014418
486	 0.014561
487	 0.014705
488	 0.014851
489	 0.014997
490	 0.015145
491	 0.015294
492	 0.015444
493	 0.015595
494	 0.015748
495	 0.015902
496	 0.016058
497	 0.016214
498	 0.016372
499	 0.016532
500	 0.016692
501	 0.016854
502	 0.017018
503	 0.017182
504	 0.017348
505	 0.017516
506	 0.017685
507	 0.017855
508	 0.018027
509	 0.018200
510	 0.018375
511	 0.018551
512	 0.018728
513	 0.018907
514	 0.019087
515	 0.019269
516	 0.019453
517	 0.019638
518	 0.019824
519	 0.020012
520	 0.020202
521	 0.020393
522	 0.020586
523	 0.020780
524	 0.020976
525	 0.021173
526	 0.021372
527	 0.021573
528	 0.021775
529	 0.021979
530	 0.022185
531	 0.022392
532	 0.022601
533	 0.022812
534	 0.023024
535	 0.023239
536	 0.023454
537	 0.023672
538	 0.023891
539	 0.024113
540	 0.024336
541	 0.024560
542	 0.024787
543	 0.025015
544	 0.025246
545	 0.025478
546	 0.025712
547	 0.025948
548	 0.026185
549	 0.026425
550	 0.026666
551	 0.026910
552	 0.027155
553	 0.027403
554	 0.027652
555	 0.027904
556	 0.028157
557	 0.028412
558	 0.028670
559	 0.028929
560	 0.029191
561	 0.029454
562	 0.029720
563	 0.029988
564	 0.030258
565	 0.030530
566	 0.030804
567	 0.031080
568	 0.031359
569	 0.031640
570	 0.031923
571	 0.032208
572	 0.032495
573	 0.032785
574	 0.033077
575	 0.033371
576	 0.033668
577	 0.033966
578	 0.034268
579	 0.034571
580	 0.034877
581	 0.035186
582	 0.035496
583	 0.035809
584	 0.036125
585	 0.036443
586	 0.036764
587	 0.037087
588	 0.037412
589	 0.037740
590	 0.038071
591	 0.038404
592	 0.038740
593	 0.039078
594	 0.039419
595	 0.039762
596	 0.040109
597	 0.040458
598	 0.040809
599	 0.041163
600	 0.041520
601	 0.041880
602	 0.042243
603	 0.042608
604	 0.042976
605	 0.043347
606	 0.043721
607	 0.044097
608	 0.044477
609	 0.044859
610	 0.045245
611	 0.045633
612	 0.046024
613	 0.046418
614	 0.046815
615	 0.047216
616	 0.047619
617	 0.048025
618	 0.048434
619	 0.048847
620	 0.049262
621	 0.049681
622	 0.050103
623	 0.050528
624	 0.050957
625	 0.051388
626	 0.051823
627	 0.052261
628	 0.052702
629	 0.053147
630	 0.053595
631	 0.054046
632	 0.054501
633	 0.054959
634	 0.055421
635	 0.055886
636	 0.056355
637	 0.056827
638	 0.057302
639	 0.057781
640	 0.058264
641	 0.058750
642	 0.059240
643	 0.059734
644	 0.060231
645	 0.060732
646	 0.061237
647	 0.061745
648	 0.062257
649	 0.062773
650	 0.063293
651	 0.063817
652	 0.064344
653	 0.064876
654	 0.065411
655	 0.065950
656	 0.066494
657	 0.067041
658	 0.067592
659	 0.068147
660	 0.068707
661	 0.069270
662	 0.069838
663	 0.070410
664	 0.070986
665	 0.071566
666	 0.072151
667	 0.072739
668	 0.073332
669	 0.073930
670	 0.074532
671	 0.075138
672	 0.075748
673	 0.076363
674	 0.076983
675	 0.077607
676	 0.078235
677	 0.078868
678	 0.079506
679	 0.080148
680	 0.080795
681	 0.081447
682	 0.082103
683	 0.082764
684	 0.083430
685	 0.084101
686	 0.084776
687	 0.085457
688	 0.086142
689	 0.086832
690	 0.087527
691	 0.088227
692	 0.088933
693	 0.089643
694	 0.090358
695	 0.091079
696	 0.091804
697	 0.092535
698	 0.093271
699	 0.094012
700	 0.094759
701	 0.095511
702	 0.096268
703	 0.097031
704	 0.097799
705	 0.098572
706	 0.099351
707	 0.100136
708	 0.100926
709	 0.101722
710	 0.102523
711	 0.103330
712	 0.104143
713	 0.104961
714	 0.105786
715	 0.106616
716	 0.107452
717	 0.108294
718	 0.109141
719	 0.109995
720	 0.110855
721	 0.111721
722	 0.112593
723	 0.113471
724	 0.114355
725	 0.115245
726	 0.116142
727	 0.117045
728	 0.117954
729	 0.118869
730	 0.119791
731	 0.120719
732	 0.121654
733	 0.122596
734	 0.123543
735	 0.124498
736	 0.125459
737	 0.126427
738	 0.127401
739	 0.128382
740	 0.129371
741	 0.130365
742	 0.131367
743	 0.132376
744	 0.133392
745	 0.134414
746	 0.135444
747	 0.136481
748	 0.137525
749	 0.138576
750	 0.139634
751	 0.140700
752	 0.141773
753	 0.142853
754	 0.143941
755	 0.145036
756	 0.146139
757	 0.147249
758	 0.148366
759	 0.149492
760	 0.150625
761	 0.151766
762	 0.152914
763	 0.154071
764	 0.155235
765	 0.156407
766	 0.157587
767	 0.158775
768	 0.159972
769	 0.161176
770	 0.162388
771	 0.163609
772	 0.164838
773	 0.166075
774	 0.167320
775	 0.168574
776	 0.169837
777	 0.171108
778	 0.172387
779	 0.173675
780	 0.174972
781	 0.176277
782	 0.177591
783	 0.178914
784	 0.180246
785	 0.181586
786	 0.182936
787	 0.184294
788	 0.185662
789	 0.187039
790	 0.188425
791	 0.189820
792	 0.191224
793	 0.192638
794	 0.194061
795	 0.195494
796	 0.196936
797	 0.198388
798	 0.199849
799	 0.201320
800	 0.202800
801	 0.204290
802	 0.205791
803	 0.207301
804	 0.208821
805	 0.210351
806	 0.211891
807	 0.213441
808	 0.215001
809	 0.216571
810	 0.218152
811	 0.219743
812	 0.221345
813	 0.222957
814	 0.224579
815	 0.226212
816	 0.227856
817	 0.229510
818	 0.231175
819	 0.232851
820	 0.234538
821	 0.236235
822	 0.237944
823	 0.239664
824	 0.241395
825	 0.243137
826	 0.244890
827	 0.246654
828	 0.248430
829	 0.250217
830	 0.252016
831	 0.253827
832	 0.255649
833	 0.257482
834	 0.259327
835	 0.261185
836	 0.263054
837	 0.264935
838	 0.266828
839	 0.268732
840	 0.270650
841	 0.272579
842	 0.274520
843	 0.276474
844	 0.278441
845	 0.280419
846	 0.282411
847	 0.284414
848	 0.286431
849	 0.288460
850	 0.290502
851	 0.292557
852	 0.294624
853	 0.296705
854	 0.298799
855	 0.300906
856	 0.303026
857	 0.305159
858	 0.307306
859	 0.309466
860	 0.311640
861	 0.313827
862	 0.316028
863	 0.318242
864	 0.320470
865	 0.322712
866	 0.324968
867	 0.327238
868	 0.329522
869	 0.331820
870	 0.334132
871	 0.336458
872	 0.338799
873	 0.341154
874	 0.343524
875	 0.345908
876	 0.348306
877	 0.350720
878	 0.353148
879	 0.355591
880	 0.358049
881	 0.360522
882	 0.363010
883	 0.365513
884	 0.368031
885	 0.370565
886	 0.373113
887	 0.375678
888	 0.378258
889	 0.380853
890	 0.383464
891	 0.386091
892	 0.388733
893	 0.391392
894	 0.394066
895	 0.396757
896	 0.399463
897	 0.402186
898	 0.404925
899	 0.407681
900	 0.410452
901	 0.413241
902	 0.416045
903	 0.418867
904	 0.421705
905	 0.424560
906	 0.427432
907	 0.430321
908	 0.433227
909	 0.436150
910	 0.439090
911	 0.442048
912	 0.445023
913	 0.448015
914	 0.451025
915	 0.454052
916	 0.457097
917	 0.460160
918	 0.463241
919	 0.466339
920	 0.469456
921	 0.472590
922	 0.475743
923	 0.478914
924	 0.482103
925	 0.485311
926	 0.488537
927	 0.491782
928	 0.495045
929	 0.498328
930	 0.501628
931	 0.504948
932	 0.508287
933	 0.511645
934	 0.515021
935	 0.518417
936	 0.521833
937	 0.525267
938	 0.528722
939	 0.532195
940	 0.535688
941	 0.539201
942	 0.542734
943	 0.546287
944	 0.549859
945	 0.553452
946	 0.557064
947	 0.560697
948	 0.564350
949	 0.568023
950	 0.571717
951	 0.575431
952	 0.579166
953	 0.582921
954	 0.586697
955	 0.590494
956	 0.594312
957	 0.598151
958	 0.602011
959	 0.605892
960	 0.609795
961	 0.613718
962	 0.617663
963	 0.621630
964	 0.625618
965	 0.629627
966	 0.633659
967	 0.637712
968	 0.641787
969	 0.645884
970	 0.650003
971	 0.654144
972	 0.658307
973	 0.662493
974	 0.666701
975	 0.670931
976	 0.675184
977	 0.679459
978	 0.683757
979	 0.688078
980	 0.692422
981	 0.696788
982	 0.701178
983	 0.705590
984	 0.710026
985	 0.714485
986	 0.718967
987	 0.723473
988	 0.728002
989	 0.732554
990	 0.737130
991	 0.741730
992	 0.746353
993	 0.751001
994	 0.755672
995	 0.760367
996	 0.765087
997	 0.769830
998	 0.774597
999	 0.779389
1000	 0.784206
1001	 0.789046
1002	 0.793911
1003	 0.798801
1004	 0.803715
1005	 0.808654
1006	 0.813618
1007	 0.818607
1008	 0.823620
1009	 0.828659
1010	 0.833722
1011	 0.838811
1012	 0.843925
1013	 0.849064
1014	 0.854229
1015	 0.859419
1016	 0.864634
1017	 0.869875
1018	 0.875142
1019	 0.880434
1020	 0.885752
1021	 0.891096
1022	 0.896466
1023	 0.901862
1024	 0.907283
1025	 0.912731
1026	 0.918205
1027	 0.923705
1028	 0.929231
1029	 0.934784
1030	 0.940363
1031	 0.945969
1032	 0.951601
1033	 0.957259
1034	 0.962944
1035	 0.968656
1036	 0.974395
1037	 0.980160
1038	 0.985953
1039	 0.991772
1040	 0.997618
1041	 1.003491
1042	 1.009391
1043	 1.015319
1044	 1.021273
1045	 1.027255
1046	 1.033264
1047	 1.039300
1048	 1.045364
1049	 1.051455
1050	 1.057574
1051	 1.063720
1052	 1.069894
1053	 1.076096
1054	 1.082325
1055	 1.088582
1056	 1.094866
1057	 1.101179
1058	 1.107519
1059	 1.113887
1060	 1.120283
1061	 1.126707
1062	 1.133159
1063	 1.139639
1064	 1.146148
1065	 1.152684
1066	 1.159249
1067	 1.165841
1068	 1.172462
1069	 1.179111
1070	 1.185789
1071	 1.192495
1072	 1.199229
1073	 1.205992
1074	 1.212783
1075	 1.219602
1076	 1.226450
1077	 1.233327
1078	 1.240232
1079	 1.247166
1080	 1.254128
1081	 1.261119
1082	 1.268138
1083	 1.275186
1084	 1.282263
1085	 1.289368
1086	 1.296503
1087	 1.303665
1088	 1.310857
1089	 1.318078
1090	 1.325327
1091	 1.332605
1092	 1.339911
1093	 1.347247
1094	 1.354611
1095	 1.362004
1096	 1.369426
1097	 1.376877
1098	 1.384357
1099	 1.391865
1100	 1.399403
1101	 1.406969
1102	 1.414564
1103	 1.422188
1104	 1.429840
1105	 1.437522
1106	 1.445232
1107	 1.452972
1108	 1.460740
1109	 1.468537
1110	 1.476362
1111	 1.484217
1112	 1.492100
1113	 1.500012
1114	 1.507953
1115	 1.515922
1116	 1.523921
1117	 1.531948
1118	 1.540003
1119	 1.548087
1120	 1.556200
1121	 1.564342
1122	 1.572512
1123	 1.580711
1124	 1.588938
1125	 1.597194
1126	 1.605478
1127	 1.613791
1128	 1.622132
1129	 1.630502
1130	 1.638900
1131	 1.647326
1132	 1.655780
1133	 1.664263
1134	 1.672774
1135	 1.681313
1136	 1.689880
1137	 1.698476
1138	 1.707099
1139	 1.715750
1140	 1.724430
1141	 1.733137
1142	 1.741872
1143	 1.750634
1144	 1.759425
1145	 1.768243
1146	 1.777088
1147	 1.785962
1148	 1.794862
1149	 1.803790
1150	 1.812746
1151	 1.821728
1152	 1.830738
1153	 1.839776
1154	 1.848840
1155	 1.857931
1156	 1.867049
1157	 1.876194
1158	 1.885366
1159	 1.894564
1160	 1.903790
1161	 1.913041
1162	 1.922320
1163	 1.931624
1164	 1.940955
1165	 1.950312
1166	 1.959695
1167	 1.969105
1168	 1.978540
1169	 1.988001
1170	 1.997488
1171	 2.007001
1172	 2.016539
1173	 2.026102
1174	 2.035691
1175	 2.045306
1176	 2.054945
1177	 2.064610
1178	 2.074299
1179	 2.084014
1180	 2.093753
1181	 2.103517
1182	 2.113305
1183	 2.123118
1184	 2.132955
1185	 2.142816
1186	 2.152701
1187	 2.162610
1188	 2.172543
1189	 2.182500
1190	 2.192480
1191	 2.202484
1192	 2.212511
1193	 2.222562
1194	 2.232635
1195	 2.242731
1196	 2.252850
1197	 2.262992
1198	 2.273156
1199	 2.283343
1200	 2.293552
1201	 2.303783
1202	 2.314036
1203	 2.324311
1204	 2.334608
1205	 2.345959
1206	 2.356301
1207	 2.366664
1208	 2.377047
1209	 2.387452
1210	 2.397878
1211	 2.408324
1212	 2.418791
1213	 2.429278
1214	 2.439785
1215	 2.450313
1216	 2.460860
1217	 2.471426
1218	 2.482012
1219	 2.492618
1220	 2.503243
1221	 2.513886
1222	 2.524549
1223	 2.535230
1224	 2.545929
1225	 2.556647
1226	 2.567383
1227	 2.578137
1228	 2.588909
1229	 2.599698
1230	 2.610505
1231	 2.621329
1232	 2.632170
1233	 2.643028
1234	 2.653902
1235	 2.664793
1236	 2.675701
1237	 2.686624
1238	 2.697564
1239	 2.708519
1240	 2.719489
1241	 2.730475
1242	 2.741476
1243	 2.752492
1244	 2.763523
1245	 2.774569
1246	 2.785628
1247	 2.796702
1248	 2.807790
1249	 2.818892
1250	 2.830007
1251	 2.841135
1252	 2.852277
1253	 2.863431
1254	 2.874598
1255	 2.885778
1256	 2.896970
1257	 2.908174
1258	 2.919390
1259	 2.930618
1260	 2.941857
1261	 2.953107
1262	 2.964368
1263	 2.975640
1264	 2.986923
1265	 2.998216
1266	 3.009519
1267	 3.020832
1268	 3.032155
1269	 3.043487
1270	 3.054829
1271	 3.066179
1272	 3.077538
1273	 3.088906
1274	 3.100282
1275	 3.111667
1276	 3.123059
1277	 3.134459
1278	 3.145866
1279	 3.157281
1280	 3.168702
1281	 3.180131
1282	 3.191566
1283	 3.203007
1284	 3.214454
1285	 3.225907
1286	 3.237365
1287	 3.248829
1288	 3.260298
1289	 3.271772
1290	 3.283251
1291	 3.294734
1292	 3.306221
1293	 3.317712
1294	 3.329207
1295	 3.340705
1296	 3.352206
1297	 3.363711
1298	 3.375218
1299	 3.386728
1300	 3.398240
1301	 3.409754
1302	 3.421270
1303	 3.432787
1304	 3.444306
1305	 3.455825
1306	 3.467346
1307	 3.478867
1308	 3.490388
1309	 3.501910
1310	 3.513432
1311	 3.524953
1312	 3.536473
1313	 3.547993
1314	 3.559511
1315	 3.571028
1316	 3.582544
1317	 3.594058
1318	 3.605569
1319	 3.617079
1320	 3.628585
1321	 3.640089
1322	 3.651590
1323	 3.663088
1324	 3.674582
1325	 3.686073
1326	 3.697559
1327	 3.709041
1328	 3.720519
1329	 3.731992
1330	 3.743460
1331	 3.754922
1332	 3.766380
1333	 3.777831
1334	 3.789277
1335	 3.800717
1336	 3.812150
1337	 3.823576
1338	 3.834996
1339	 3.846408
1340	 3.857813
1341	 3.869211
1342	 3.880601
1343	 3.891982
1344	 3.903355
1345	 3.914720
1346	 3.926076
1347	 3.937423
1348	 3.948761
1349	 3.960089
1350	 3.971408
1351	 3.982717
1352	 3.994015
1353	 4.005303
1354	 4.016580
1355	 4.027847
1356	 4.039103
1357	 4.050347
1358	 4.061579
1359	 4.072800
1360	 4.084009
1361	 4.095206
1362	 4.106390
1363	 4.117561
1364	 4.128720
1365	 4.139865
1366	 4.150997
1367	 4.162116
1368	 4.173221
1369	 4.184311
1370	 4.195388
1371	 4.206450
1372	 4.217497
1373	 4.228530
1374	 4.239547
1375	 4.250549
1376	 4.261536
1377	 4.272507
1378	 4.283462
1379	 4.294401
1380	 4.305323
1381	 4.316229
1382	 4.327118
1383	 4.337990
1384	 4.348845
1385	 4.359682
1386	 4.370502
1387	 4.381304
1388	 4.392088
1389	 4.402854
1390	 4.413602
1391	 4.424331
1392	 4.435041
1393	 4.445732
1394	 4.456403
1395	 4.467056
1396	 4.477689
1397	 4.488302
1398	 4.498895
1399	 4.509468
1400	 4.520021
1401	 4.530553
1402	 4.541064
1403	 4.551555
1404	 4.562024
1405	 4.572472
1406	 4.582899
1407	 4.593304
1408	 4.603687
1409	 4.614048
1410	 4.624387
1411	 4.634704
1412	 4.644999
1413	 4.655270
1414	 4.665519
1415	 4.675745
1416	 4.685947
1417	 4.696126
1418	 4.706282
1419	 4.716414
1420	 4.726522
1421	 4.736606
1422	 4.746666
1423	 4.756701
1424	 4.766712
1425	 4.776699
1426	 4.786660
1427	 4.796597
1428	 4.806509
1429	 4.816395
1430	 4.826256
1431	 4.836091
1432	 4.845900
1433	 4.855684
1434	 4.865442
1435	 4.875173
1436	 4.884879
1437	 4.894558
1438	 4.904210
1439	 4.913835
1440	 4.923434
1441	 4.933006
1442	 4.942550
1443	 4.952068
1444	 4.961558
1445	 4.971020
1446	 4.980455
1447	 4.989862
1448	 4.999242
1449	 5.008593
1450	 5.017916
1451	 5.027211
1452	 5.036477
1453	 5.045715
1454	 5.054925
1455	 5.064105
1456	 5.073257
1457	 5.082380
1458	 5.091474
1459	 5.100538
1460	 5.109574
1461	 5.118580
1462	 5.127556
1463	 5.136503
1464	 5.145420
1465	 5.154308
1466	 5.163165
1467	 5.171992
1468	 5.180790
1469	 5.189557
1470	 5.198294
1471	 5.207000
1472	 5.215676
1473	 5.224322
1474	 5.232937
1475	 5.241521
1476	 5.250074
1477	 5.258596
1478	 5.267087
1479	 5.275548
1480	 5.283977
1481	 5.292374
1482	 5.300741
1483	 5.309076
1484	 5.317380
1485	 5.325652
1486	 5.333892
1487	 5.342101
1488	 5.350278
1489	 5.358423
1490	 5.366536
1491	 5.374617
1492	 5.382666
1493	 5.390684
1494	 5.398669
1495	 5.406621
1496	 5.414542
1497	 5.422430
1498	 5.430285
1499	 5.438109
1500	 5.445899
1501	 5.453658
1502	 5.461383
1503	 5.469076
1504	 5.476736
1505	 5.484364
1506	 5.491958
1507	 5.499520
1508	 5.507049
1509	 5.514544
1510	 5.522007
1511	 5.529437
1512	 5.536834
1513	 5.544197
1514	 5.551528
1515	 5.558825
1516	 5.566089
1517	 5.573320
1518	 5.580517
1519	 5.587681
1520	 5.594812
1521	 5.601909
1522	 5.608973
1523	 5.616004
1524	 5.623001
1525	 5.629964
1526	 5.636894
1527	 5.643791
1528	 5.650654
1529	 5.657483
1530	 5.664279
1531	 5.671041
1532	 5.677769
1533	 5.684464
1534	 5.691125
1535	 5.697752
1536	 5.704346
1537	 5.710906
1538	 5.717432
1539	 5.723924
1540	 5.730383
1541	 5.736808
1542	 5.743199
1543	 5.749556
1544	 5.755880
1545	 5.762170
1546	 5.768425
1547	 5.774648
1548	 5.780836
1549	 5.786990
1550	 5.793111
1551	 5.799198
1552	 5.805251
1553	 5.811271
1554	 5.817256
1555	 5.823208
1556	 5.829126
1557	 5.835010
1558	 5.840860
1559	 5.846677
1560	 5.852460
1561	 5.858209
1562	 5.863924
1563	 5.869606
1564	 5.875254
1565	 5.880868
1566	 5.886448
1567	 5.891995
1568	 5.897508
1569	 5.902988
1570	 5.908433
1571	 5.913846
1572	 5.919224
1573	 5.924569
1574	 5.929881
1575	 5.935159
1576	 5.940403
1577	 5.945614
1578	 5.950792
1579	 5.955936
1580	 5.961046
1581	 5.966123
1582	 5.971167
1583	 5.976177
1584	 5.981154
1585	 5.986098
1586	 5.991009
1587	 5.995886
1588	 6.000730
1589	 6.005541
1590	 6.010318
1591	 6.015063
1592	 6.019774
1593	 6.024453
1594	 6.029098
1595	 6.033710
1596	 6.038290
1597	 6.042836
1598	 6.047349
1599	 6.051830
1600	 6.056278
1601	 6.060693
1602	 6.065075
1603	 6.069425
1604	 6.073741
1605	 6.078026
1606	 6.082277
1607	 6.086496
1608	 6.090683
1609	 6.094837
1610	 6.098958
1611	 6.103047
1612	 6.107104
1613	 6.111129
1614	 6.115121
1615	 6.119081
1616	 6.123008
1617	 6.126904
1618	 6.130767
1619	 6.134599
1620	 6.138398
1621	 6.142166
1622	 6.145901
1623	 6.149605
1624	 6.153276
1625	 6.156916
1626	 6.160525
1627	 6.164101
1628	 6.167646
1629	 6.171159
1630	 6.174641
1631	 6.178091
1632	 6.181510
1633	 6.184897
1634	 6.188253
1635	 6.191578
1636	 6.194872
1637	 6.198134
1638	 6.201365
1639	 6.204565
1640	 6.207734
1641	 6.210872
1642	 6.213979
1643	 6.217055
1644	 6.220100
1645	 6.223115
1646	 6.226099
1647	 6.229052
1648	 6.231974
1649	 6.234866
1650	 6.237728
1651	 6.240559
1652	 6.243359
1653	 6.246129
1654	 6.248869
1655	 6.251579
1656	 6.254258
1657	 6.256908
1658	 6.259527
1659	 6.262116
1660	 6.264675
1661	 6.267204
1662	 6.269704
1663	 6.272174
1664	 6.274614
1665	 6.277024
1666	 6.279404
1667	 6.281755
1668	 6.284077
1669	 6.286369
1670	 6.288632
1671	 6.290865
1672	 6.293069
1673	 6.295244
1674	 6.297390
1675	 6.299506
1676	 6.301594
1677	 6.303652
1678	 6.305682
1679	 6.307683
1680	 6.309655
1681	 6.311598
1682	 6.313512
1683	 6.315398
1684	 6.317255
1685	 6.319084
1686	 6.320884
1687	 6.322656
1688	 6.324400
1689	 6.326115
1690	 6.327802
1691	 6.329461
1692	 6.331091
1693	 6.332694
1694	 6.334269
1695	 6.335815
1696	 6.337334
1697	 6.338825
1698	 6.340289
1699	 6.341724
1700	 6.343132
1701	 6.344513
1702	 6.345866
1703	 6.347191
1704	 6.348489
1705	 6.349760
1706	 6.351004
1707	 6.352220
1708	 6.353409
1709	 6.354571
1710	 6.355706
1711	 6.356814
1712	 6.357895
1713	 6.358949
1714	 6.359977
1715	 6.360977
1716	 6.361951
1717	 6.362899
1718	 6.363820
1719	 6.364714
1720	 6.365582
1721	 6.366423
1722	 6.367239
1723	 6.368028
1724	 6.368790
1725	 6.369527
1726	 6.370237
1727	 6.370922
1728	 6.371581
1729	 6.372213
1730	 6.372820
1731	 6.373401
1732	 6.373956
1733	 6.374486
1734	 6.374990
1735	 6.375468
1736	 6.375921
1737	 6.376349
1738	 6.376751
1739	 6.377127
1740	 6.377479
1741	 6.377805
1742	 6.378106
1743	 6.378383
1744	 6.378634
1745	 6.378860
1746	 6.379061
1747	 6.379237
1748	 6.379389
1749	 6.379516
1750	 6.379618
1751	 6.379695
1752	 6.379748
1753	 6.379776
1754	 6.379780
1755	 6.379760
1756	 6.379715
1757	 6.379646
1758	 6.379553
1759	 6.379435
1760	 6.379293
1761	 6.379128
1762	 6.378938
1763	 6.378724
1764	 6.378487
1765	 6.378226
1766	 6.377941
1767	 6.377632
1768	 6.377299
1769	 6.376943
1770	 6.376563
1771	 6.376160
1772	 6.375734
1773	 6.375284
1774	 6.374810
1775	 6.374314
1776	 6.373794
1777	 6.373251
1778	 6.372684
1779	 6.372095
1780	 6.371483
1781	 6.370848
1782	 6.370190
1783	 6.369509
1784	 6.368805
1785	 6.368079
1786	 6.367330
1787	 6.366558
1788	 6.365763
1789	 6.364947
1790	 6.364107
1791	 6.363245
1792	 6.362361
1793	 6.361455
1794	 6.360526
1795	 6.359575
1796	 6.358602
1797	 6.357607
1798	 6.356590
1799	 6.355551
1800	 6.354489
1801	 6.353406
1802	 6.352301
1803	 6.351175
1804	 6.350026
1805	 6.348856
1806	 6.347664
1807	 6.346451
1808	 6.345216
1809	 6.343959
1810	 6.342682
1811	 6.341382
1812	 6.340062
1813	 6.338720
1814	 6.337357
1815	 6.335973
1816	 6.334567
1817	 6.333141
1818	 6.331693
1819	 6.330225
1820	 6.328735
1821	 6.327225
1822	 6.325694
1823	 6.324142
1824	 6.322569
1825	 6.320975
1826	 6.319361
1827	 6.317727
1828	 6.316072
1829	 6.314396
1830	 6.312700
1831	 6.310983
1832	 6.309246
1833	 6.307489
1834	 6.305711
1835	 6.303914
1836	 6.302096
1837	 6.300258
1838	 6.298400
1839	 6.296522
1840	 6.294624
1841	 6.292706
1842	 6.290768
1843	 6.288810
1844	 6.286833
1845	 6.284835
1846	 6.282818
1847	 6.280782
1848	 6.278726
1849	 6.276650
1850	 6.274555
1851	 6.272440
1852	 6.270306
1853	 6.268152
1854	 6.265979
1855	 6.263787
1856	 6.261576
1857	 6.259345
1858	 6.257095
1859	 6.254827
1860	 6.252539
1861	 6.250232
1862	 6.247906
1863	 6.245561
1864	 6.243197
1865	 6.240815
1866	 6.238413
1867	 6.235993
1868	 6.233555
1869	 6.231097
1870	 6.228621
1871	 6.226126
1872	 6.223613
1873	 6.221081
1874	 6.218531
1875	 6.215963
1876	 6.213376
1877	 6.210771
1878	 6.208147
1879	 6.205505
1880	 6.202845
1881	 6.200167
1882	 6.197471
1883	 6.194757
1884	 6.192025
1885	 6.189274
1886	 6.186506
1887	 6.183720
1888	 6.180916
1889	 6.178095
1890	 6.175255
1891	 6.172398
1892	 6.169523
1893	 6.166630
1894	 6.163720
1895	 6.160793
1896	 6.157847
1897	 6.154885
1898	 6.151905
1899	 6.148907
1900	 6.145892
1901	 6.142860
1902	 6.139811
1903	 6.136744
1904	 6.133660
1905	 6.130559
1906	 6.127441
1907	 6.124306
1908	 6.121153
1909	 6.117984
1910	 6.114798
1911	 6.111595
1912	 6.108375
1913	 6.105138
1914	 6.101885
1915	 6.098614
1916	 6.095327
1917	 6.092024
1918	 6.088703
1919	 6.085367
1920	 6.082013
1921	 6.078643
1922	 6.075257
1923	 6.071854
1924	 6.068435
1925	 6.064999
1926	 6.061547
1927	 6.058079
1928	 6.054595
1929	 6.051094
1930	 6.047577
1931	 6.044044
1932	 6.040495
1933	 6.036930
1934	 6.033350
1935	 6.029753
1936	 6.026140
1937	 6.022511
1938	 6.018866
1939	 6.015206
1940	 6.011530
1941	 6.007838
1942	 6.004130
1943	 6.000407
1944	 5.996668
1945	 5.992914
1946	 5.989144
1947	 5.985359
1948	 5.981558
1949	 5.977741
1950	 5.973910
1951	 5.970063
1952	 5.966200
1953	 5.962323
1954	 5.958430
1955	 5.954522
1956	 5.950599
1957	 5.946660
1958	 5.942707
1959	 5.938739
1960	 5.934755
1961	 5.930757
1962	 5.926743
1963	 5.922715
1964	 5.918672
1965	 5.914614
1966	 5.910542
1967	 5.906454
1968	 5.902352
1969	 5.898236
1970	 5.894104
1971	 5.889958
1972	 5.885798
1973	 5.881623
1974	 5.877433
1975	 5.873229
1976	 5.869011
1977	 5.864778
1978	 5.860531
1979	 5.856270
1980	 5.851995
1981	 5.847705
1982	 5.843401
1983	 5.839083
1984	 5.834751
1985	 5.830405
1986	 5.826045
1987	 5.821670
1988	 5.817282
1989	 5.812880
1990	 5.808464
1991	 5.804035
1992	 5.799591
1993	 5.795134
1994	 5.790663
1995	 5.786178
1996	 5.781680
1997	 5.777168
1998	 5.772642
1999	 5.768103
2000	 5.763551
2001	 5.758985
2002	 5.754405
2003	 5.749813
2004	 5.745206
2005	 5.740587
2006	 5.735954
2007	 5.731308
2008	 5.726649
2009	 5.721977
2010	 5.717292
2011	 5.712593
2012	 5.707881
2013	 5.703157
2014	 5.698419
2015	 5.693669
2016	 5.688906
2017	 5.684129
2018	 5.679340
2019	 5.674539
2020	 5.669724
2021	 5.664897
2022	 5.660057
2023	 5.655204
2024	 5.650339
2025	 5.645462
2026	 5.640572
2027	 5.635669
2028	 5.630754
2029	 5.625826
2030	 5.620886
2031	 5.615934
2032	 5.610970
2033	 5.605993
2034	 5.601004
2035	 5.596003
2036	 5.590990
2037	 5.585965
2038	 5.580927
2039	 5.575878
2040	 5.570816
2041	 5.565743
2042	 5.560658
2043	 5.555561
2044	 5.550452
2045	 5.545331
2046	 5.540199
2047	 5.535055
2048	 5.529899
2049	 5.524731
2050	 5.519552
2051	 5.514362
2052	 5.509159
2053	 5.503946
2054	 5.498721
2055	 5.493484
2056	 5.488237
2057	 5.482977
2058	 5.477707
2059	 5.472425
2060	 5.467132
2061	 5.461828
2062	 5.456513
2063	 5.451187
2064	 5.445850
2065	 5.440501
2066	 5.435142
2067	 5.429772
2068	 5.424391
2069	 5.418999
2070	 5.413596
2071	 5.408182
2072	 5.402758
2073	 5.397323
2074	 5.391877
2075	 5.386421
2076	 5.380954
2077	 5.375477
2078	 5.369989
2079	 5.364491
2080	 5.358982
2081	 5.353463
2082	 5.347933
2083	 5.342393
2084	 5.336843
2085	 5.331283
2086	 5.325713
2087	 5.320132
2088	 5.314542
2089	 5.308941
2090	 5.303330
2091	 5.297709
2092	 5.292079
2093	 5.286438
2094	 5.280788
2095	 5.275128
2096	 5.269458
2097	 5.263778
2098	 5.258088
2099	 5.252389
2100	 5.246681
2101	 5.240962
2102	 5.235235
2103	 5.229497
2104	 5.223751
2105	 5.217995
2106	 5.212229
2107	 5.206454
2108	 5.200670
2109	 5.194877
2110	 5.189074
2111	 5.183263
2112	 5.177442
2113	 5.171612
2114	 5.165773
2115	 5.159925
2116	 5.154068
2117	 5.148202
2118	 5.142328
2119	 5.136444
2120	 5.130552
2121	 5.124651
2122	 5.118741
2123	 5.112823
2124	 5.106896
2125	 5.100960
2126	 5.095016
2127	 5.089063
2128	 5.083102
2129	 5.077133
2130	 5.071155
2131	 5.065169
2132	 5.059175
2133	 5.053172
2134	 5.047161
2135	 5.041142
2136	 5.035115
2137	 5.029080
2138	 5.023037
2139	 5.016985
2140	 5.010926
2141	 5.004859
2142	 4.998784
2143	 4.992702
2144	 4.986611
2145	 4.980513
2146	 4.974407
2147	 4.968294
2148	 4.962173
2149	 4.956044
2150	 4.949908
2151	 4.943764
2152	 4.937613
2153	 4.931455
2154	 4.925289
2155	 4.919116
2156	 4.912936
2157	 4.906748
2158	 4.900554
2159	 4.894352
2160	 4.888143
2161	 4.881927
2162	 4.875704
2163	 4.869474
2164	 4.863238
2165	 4.856994
2166	 4.850744
2167	 4.844487
2168	 4.838223
2169	 4.831952
2170	 4.825675
2171	 4.819391
2172	 4.813101
2173	 4.806804
2174	 4.800501
2175	 4.794191
2176	 4.787875
2177	 4.781553
2178	 4.775224
2179	 4.768889
2180	 4.762548
2181	 4.756201
2182	 4.749848
2183	 4.743488
2184	 4.737123
2185	 4.730751
2186	 4.724374
2187	 4.717991
2188	 4.711602
2189	 4.705207
2190	 4.698807
2191	 4.692401
2192	 4.685989
2193	 4.679571
2194	 4.673148
2195	 4.666720
2196	 4.660286
2197	 4.653846
2198	 4.647401
2199	 4.640951
2200	 4.634496
2201	 4.628035
2202	 4.621569
2203	 4.615098
2204	 4.608622
2205	 4.602141
2206	 4.595654
2207	 4.589163
2208	 4.582667
2209	 4.576166
2210	 4.569660
2211	 4.563149
2212	 4.556634
2213	 4.550114
2214	 4.543589
2215	 4.537060
2216	 4.530526
2217	 4.523987
2218	 4.517444
2219	 4.510897
2220	 4.504345
2221	 4.497789
2222	 4.491229
2223	 4.484664
2224	 4.478096
2225	 4.471523
2226	 4.464946
2227	 4.458365
2228	 4.451779
2229	 4.445190
2230	 4.438597
2231	 4.432000
2232	 4.425400
2233	 4.418795
2234	 4.412187
2235	 4.405575
2236	 4.398960
2237	 4.392340
2238	 4.385718
2239	 4.379091
2240	 4.372462
2241	 4.365829
2242	 4.359192
2243	 4.352552
2244	 4.345909
2245	 4.339263
2246	 4.332613
2247	 4.325961
2248	 4.319305
2249	 4.312646
2250	 4.305985
2251	 4.299320
2252	 4.292652
2253	 4.285982
2254	 4.279309
2255	 4.272632
2256	 4.265954
2257	 4.259272
2258	 4.252588
2259	 4.245901
2260	 4.239212
2261	 4.232520
2262	 4.225826
2263	 4.219130
2264	 4.212431
2265	 4.205730
2266	 4.199026
2267	 4.192320
2268	 4.185613
2269	 4.178903
2270	 4.172190
2271	 4.165476
2272	 4.158760
2273	 4.152042
2274	 4.145322
2275	 4.138601
2276	 4.131877
2277	 4.125152
2278	 4.118425
2279	 4.111696
2280	 4.104966
2281	 4.098234
2282	 4.091500
2283	 4.084765
2284	 4.078029
2285	 4.071291
2286	 4.064552
2287	 4.057812
2288	 4.051070
2289	 4.044327
2290	 4.037583
2291	 4.030838
2292	 4.024092
2293	 4.017345
2294	 4.010597
2295	 4.003847
2296	 3.997097
2297	 3.990347
2298	 3.983595
2299	 3.976842
2300	 3.970089
2301	 3.963336
2302	 3.956581
2303	 3.949826
2304	 3.943071
2305	 3.936315
2306	 3.929558
2307	 3.922802
2308	 3.916044
2309	 3.909287
2310	 3.902529
2311	 3.895771
2312	 3.889013
2313	 3.882255
2314	 3.875497
2315	 3.868739
2316	 3.861980
2317	 3.855222
2318	 3.848464
2319	 3.841706
2320	 3.834948
2321	 3.828191
2322	 3.821433
2323	 3.814676
2324	 3.807920
2325	 3.801164
2326	 3.794408
2327	 3.787653
2328	 3.780898
2329	 3.774144
2330	 3.767391
2331	 3.760638
2332	 3.753886
2333	 3.747135
2334	 3.740384
2335	 3.733635
2336	 3.726886
2337	 3.720138
2338	 3.713391
2339	 3.706645
2340	 3.699901
2341	 3.693157
2342	 3.686415
2343	 3.679674
2344	 3.672934
2345	 3.666195
2346	 3.659457
2347	 3.652721
2348	 3.645987
2349	 3.639254
2350	 3.632522
2351	 3.625792
2352	 3.619064
2353	 3.612337
2354	 3.605611
2355	 3.598888
2356	 3.592166
2357	 3.585446
2358	 3.578728
2359	 3.572012
2360	 3.565298
2361	 3.558585
2362	 3.551875
2363	 3.545167
2364	 3.538461
2365	 3.531756
2366	 3.525055
2367	 3.518355
2368	 3.511658
2369	 3.504962
2370	 3.498270
2371	 3.491579
2372	 3.484891
2373	 3.478206
2374	 3.471523
2375	 3.464842
2376	 3.458164
2377	 3.451489
2378	 3.444816
2379	 3.438146
2380	 3.431479
2381	 3.424815
2382	 3.418153
2383	 3.411495
2384	 3.404839
2385	 3.398186
2386	 3.391536
2387	 3.384889
2388	 3.378245
2389	 3.371605
2390	 3.364967
2391	 3.358333
2392	 3.351702
2393	 3.345074
2394	 3.338449
2395	 3.331828
2396	 3.325210
2397	 3.318595
2398	 3.311984
2399	 3.305377
2400	 3.298773
2401	 3.292172
2402	 3.285575
2403	 3.278982
2404	 3.272393
2405	 3.265807
2406	 3.259225
2407	 3.252646
2408	 3.246072
2409	 3.239501
2410	 3.232935
2411	 3.226372
2412	 3.219813
2413	 3.213258
2414	 3.206708
2415	 3.200161
2416	 3.193619
2417	 3.187080
2418	 3.180546
2419	 3.174016
2420	 3.167491
2421	 3.160969
2422	 3.154452
2423	 3.147940
2424	 3.141432
2425	 3.134928
2426	 3.128429
2427	 3.121934
2428	 3.115444
2429	 3.108958
2430	 3.102477
2431	 3.096001
2432	 3.089529
2433	 3.083062
2434	 3.076600
2435	 3.070142
2436	 3.063690
2437	 3.057242
2438	 3.050799
2439	 3.044362
2440	 3.037929
2441	 3.031501
2442	 3.025078
2443	 3.018660
2444	 3.012247
2445	 3.005840
2446	 2.999437
2447	 2.993040
2448	 2.986648
2449	 2.980261
2450	 2.973880
2451	 2.967504
2452	 2.961133
2453	 2.954768
2454	 2.948408
2455	 2.942053
2456	 2.935704
2457	 2.929361
2458	 2.923023
2459	 2.916690
2460	 2.910364
2461	 2.904043
2462	 2.897727
2463	 2.891417
2464	 2.885113
2465	 2.878815
2466	 2.872522
2467	 2.866236
2468	 2.859955
2469	 2.853680
2470	 2.847411
2471	 2.841148
2472	 2.834891
2473	 2.828640
2474	 2.822395
2475	 2.816156
2476	 2.809923
2477	 2.803696
2478	 2.797475
2479	 2.791260
2480	 2.785052
2481	 2.778850
2482	 2.772654
2483	 2.766465
2484	 2.760281
2485	 2.754104
2486	 2.747934
2487	 2.741770
2488	 2.735612
2489	 2.729461
2490	 2.723316
2491	 2.717178
2492	 2.711046
2493	 2.704921
2494	 2.698802
2495	 2.692690
2496	 2.686584
2497	 2.680486
2498	 2.674393
2499	 2.668308
2500	 2.662229
2501	 2.656158
2502	 2.650092
2503	 2.644034
2504	 2.637983
2505	 2.631938
2506	 2.625900
2507	 2.619870
2508	 2.613846
2509	 2.607829
2510	 2.601819
2511	 2.595816
2512	 2.589820
2513	 2.583831
2514	 2.577849
2515	 2.571875
2516	 2.565907
2517	 2.559947
2518	 2.553993
2519	 2.548047
2520	 2.542108
2521	 2.536177
2522	 2.530252
2523	 2.524335
2524	 2.518426
2525	 2.512523
2526	 2.506628
2527	 2.500740
2528	 2.494860
2529	 2.488987
2530	 2.483121
2531	 2.477263
2532	 2.471413
2533	 2.465569
2534	 2.459734
2535	 2.453906
2536	 2.448085
2537	 2.442272
2538	 2.436467
2539	 2.430669
2540	 2.424879
2541	 2.419096
2542	 2.413322
2543	 2.407554
2544	 2.401795
2545	 2.396043
2546	 2.390299
2547	 2.384563
2548	 2.378835
2549	 2.373114
2550	 2.367401
2551	 2.361696
2552	 2.355999
2553	 2.350310
2554	 2.344629
2555	 2.338955
2556	 2.333290
2557	 2.327632
2558	 2.321983
2559	 2.316341
2560	 2.310707
2561	 2.305082
2562	 2.299464
2563	 2.293855
2564	 2.288253
2565	 2.282660
2566	 2.277074
2567	 2.271497
2568	 2.265928
2569	 2.260367
2570	 2.254814
2571	 2.249269
2572	 2.243733
2573	 2.238204
2574	 2.232684
2575	 2.227172
2576	 2.221669
2577	 2.216173
2578	 2.210686
2579	 2.205207
2580	 2.199737
2581	 2.194275
2582	 2.188821
2583	 2.183375
2584	 2.177938
2585	 2.172509
2586	 2.167089
2587	 2.161676
2588	 2.156273
2589	 2.150877
2590	 2.145490
2591	 2.140112
2592	 2.134742
2593	 2.129380
2594	 2.124027
2595	 2.118683
2596	 2.113347
2597	 2.108019
2598	 2.102700
2599	 2.097389
2600	 2.092087
2601	 2.086794
2602	 2.081509
2603	 2.076233
2604	 2.070965
2605	 2.065706
2606	 2.060455
2607	 2.055213
2608	 2.049980
2609	 2.044755
2610	 2.039539
2611	 2.034332
2612	 2.029133
2613	 2.023943
2614	 2.018762
2615	 2.013589
2616	 2.008425
2617	 2.003270
2618	 1.998123
2619	 1.992985
2620	 1.987856
2621	 1.982736
2622	 1.977624
2623	 1.972521
2624	 1.967427
2625	 1.962342
2626	 1.957265
2627	 1.952197
2628	 1.947138
2629	 1.942088
2630	 1.937047
2631	 1.932014
2632	 1.926991
2633	 1.921976
2634	 1.916969
2635	 1.911972
2636	 1.906984
2637	 1.902004
2638	 1.897033
2639	 1.892072
2640	 1.887119
2641	 1.882174
2642	 1.877239
2643	 1.872313
2644	 1.867395
2645	 1.862487
2646	 1.857587
2647	 1.852696
2648	 1.847814
2649	 1.842941
2650	 1.838077
2651	 1.833222
2652	 1.828376
2653	 1.823539
2654	 1.818710
2655	 1.813891
2656	 1.809081
2657	 1.804279
2658	 1.799487
2659	 1.794703
2660	 1.789928
2661	 1.785163
2662	 1.780406
2663	 1.775658
2664	 1.770919
2665	 1.766189
2666	 1.761469
2667	 1.756757
2668	 1.752054
2669	 1.747360
2670	 1.742675
2671	 1.737999
2672	 1.733332
2673	 1.728674
2674	 1.724025
2675	 1.719385
2676	 1.714754
2677	 1.710132
2678	 1.705519
2679	 1.700915
2680	 1.696320
2681	 1.691734
2682	 1.687156
2683	 1.682588
2684	 1.678029
2685	 1.673479
2686	 1.668938
2687	 1.664406
2688	 1.659883
2689	 1.655369
2690	 1.650864
2691	 1.646368
2692	 1.641881
2693	 1.637403
2694	 1.632933
2695	 1.628473
2696	 1.624022
2697	 1.619580
2698	 1.615147
2699	 1.610723
2700	 1.606308
2701	 1.601902
2702	 1.597504
2703	 1.593116
2704	 1.588737
2705	 1.584367
2706	 1.580006
2707	 1.575653
2708	 1.571310
2709	 1.566976
2710	 1.562650
2711	 1.558334
2712	 1.554027
2713	 1.549728
2714	 1.545439
2715	 1.541158
2716	 1.536887
2717	 1.532624
2718	 1.528371
2719	 1.524126
2720	 1.519890
2721	 1.515664
2722	 1.511446
2723	 1.507237
2724	 1.503037
2725	 1.498846
2726	 1.494664
2727	 1.490490
2728	 1.486326
2729	 1.482171
2730	 1.478024
2731	 1.473887
2732	 1.469758
2733	 1.465638
2734	 1.461528
2735	 1.457426
2736	 1.453333
2737	 1.449248
2738	 1.445173
2739	 1.441107
2740	 1.437049
2741	 1.433000
2742	 1.428960
2743	 1.424929
2744	 1.420907
2745	 1.416894
2746	 1.412889
2747	 1.408894
2748	 1.404907
2749	 1.400929
2750	 1.396960
2751	 1.392999
2752	 1.389048
2753	 1.385105
2754	 1.381171
2755	 1.377245
2756	 1.373329
2757	 1.369421
2758	 1.365522
2759	 1.361632
2760	 1.357751
2761	 1.353878
2762	 1.350014
2763	 1.346159
2764	 1.342312
2765	 1.338475
2766	 1.334645
2767	 1.330825
2768	 1.327013
2769	 1.323210
2770	 1.319416
2771	 1.315630
2772	 1.311854
2773	 1.308085
2774	 1.304326
2775	 1.300575
2776	 1.296832
2777	 1.293098
2778	 1.289373
2779	 1.285657
2780	 1.281949
2781	 1.278250
2782	 1.274559
2783	 1.270877
2784	 1.267203
2785	 1.263538
2786	 1.259882
2787	 1.256234
2788	 1.252595
2789	 1.248964
2790	 1.245342
2791	 1.241728
2792	 1.238123
2793	 1.234526
2794	 1.230938
2795	 1.227358
2796	 1.223786
2797	 1.220224
2798	 1.216669
2799	 1.213123
2800	 1.209586
2801	 1.206057
2802	 1.202536
2803	 1.199024
2804	 1.195520
2805	 1.192024
2806	 1.188537
2807	 1.185059
2808	 1.181588
2809	 1.178126
2810	 1.174673
2811	 1.171227
2812	 1.167790
2813	 1.164362
2814	 1.160941
2815	 1.157529
2816	 1.154125
2817	 1.150730
2818	 1.147342
2819	 1.143963
2820	 1.140593
2821	 1.137230
2822	 1.133876
2823	 1.130530
2824	 1.127192
2825	 1.123862
2826	 1.120540
2827	 1.117227
2828	 1.113922
2829	 1.110625
2830	 1.107336
2831	 1.104055
2832	 1.100782
2833	 1.097518
2834	 1.094261
2835	 1.091013
2836	 1.087773
2837	 1.084541
2838	 1.081316
2839	 1.078100
2840	 1.074892
2841	 1.071692
2842	 1.068500
2843	 1.065316
2844	 1.062140
2845	 1.058972
2846	 1.055812
2847	 1.052659
2848	 1.049515
2849	 1.046379
2850	 1.043250
2851	 1.040130
2852	 1.037017
2853	 1.033913
2854	 1.030816
2855	 1.027727
2856	 1.024646
2857	 1.021572
2858	 1.018507
2859	 1.015449
2860	 1.012399
2861	 1.009357
2862	 1.006323
2863	 1.003296
2864	 1.000278
2865	 0.997267
2866	 0.994263
2867	 0.991268
2868	 0.988280
2869	 0.985300
2870	 0.982327
2871	 0.979363
2872	 0.976406
2873	 0.973456
2874	 0.970514
2875	 0.967580
2876	 0.964653
2877	 0.961734
2878	 0.958823
2879	 0.955919
2880	 0.953023
2881	 0.950134
2882	 0.947253
2883	 0.944379
2884	 0.941513
2885	 0.938655
2886	 0.935803
2887	 0.932960
2888	 0.930123
2889	 0.927295
2890	 0.924473
2891	 0.921659
2892	 0.918853
2893	 0.916054
2894	 0.913262
2895	 0.910478
2896	 0.907701
2897	 0.904931
2898	 0.902169
2899	 0.899414
2900	 0.896666
2901	 0.893926
2902	 0.891193
2903	 0.888467
2904	 0.885749
2905	 0.883037
2906	 0.880333
2907	 0.877637
2908	 0.874947
2909	 0.872265
2910	 0.869589
2911	 0.866921
2912	 0.864260
2913	 0.861607
2914	 0.858960
2915	 0.856321
2916	 0.853688
2917	 0.851063
2918	 0.848445
2919	 0.845833
2920	 0.843229
2921	 0.840632
2922	 0.838042
2923	 0.835459
2924	 0.832883
2925	 0.830314
2926	 0.827752
2927	 0.825197
2928	 0.822649
2929	 0.820108
2930	 0.817573
2931	 0.815046
2932	 0.812526
2933	 0.810012
2934	 0.807505
2935	 0.805005
2936	 0.802512
2937	 0.800026
2938	 0.797547
2939	 0.795074
2940	 0.792608
2941	 0.790149
2942	 0.787697
2943	 0.785252
2944	 0.782813
2945	 0.780381
2946	 0.777956
2947	 0.775537
2948	 0.773125
2949	 0.770720
2950	 0.768321
2951	 0.765929
2952	 0.763544
2953	 0.761165
2954	 0.758793
2955	 0.756427
2956	 0.754068
2957	 0.751716
2958	 0.749370
2959	 0.747031
2960	 0.744698
2961	 0.742372
2962	 0.740052
2963	 0.737739
2964	 0.735432
2965	 0.733132
2966	 0.730838
2967	 0.728550
2968	 0.726269
2969	 0.723994
2970	 0.721726
2971	 0.719464
2972	 0.717209
2973	 0.714960
2974	 0.712717
2975	 0.710480
2976	 0.708250
2977	 0.706026
2978	 0.703808
2979	 0.701597
2980	 0.699392
2981	 0.697193
2982	 0.695000
2983	 0.692814
2984	 0.690634
2985	 0.688460
2986	 0.686292
2987	 0.684130
2988	 0.681974
2989	 0.679825
2990	 0.677682
2991	 0.675544
2992	 0.673413
2993	 0.671288
2994	 0.669169
2995	 0.667057
2996	 0.664950
2997	 0.662849
2998	 0.660754
2999	 0.658665
3000	 0.656582
3001	 0.654506
3002	 0.652435
3003	 0.650370
3004	 0.648311
3005	 0.646258
3006	 0.644210
3007	 0.642169
3008	 0.640134
3009	 0.638104
3010	 0.636081
3011	 0.634063
3012	 0.632051
3013	 0.630045
3014	 0.628044
3015	 0.626050
3016	 0.624061
3017	 0.622078
3018	 0.620100
3019	 0.618129
3020	 0.616163
3021	 0.614203
3022	 0.612248
3023	 0.610300
3024	 0.608357
3025	 0.606419
3026	 0.604487
3027	 0.602561
3028	 0.600641
3029	 0.598726
3030	 0.596817
3031	 0.594913
3032	 0.593015
3033	 0.591122
3034	 0.589235
3035	 0.587353
3036	 0.585477
3037	 0.583607
3038	 0.581742
3039	 0.579882
3040	 0.578028
3041	 0.576179
3042	 0.574336
3043	 0.572498
3044	 0.570666
3045	 0.568839
3046	 0.567017
3047	 0.565201
3048	 0.563390
3049	 0.561584
3050	 0.559784
3051	 0.557989
3052	 0.556200
3053	 0.554415
3054	 0.552636
3055	 0.550862
3056	 0.549094
3057	 0.547331
3058	 0.545573
3059	 0.543820
3060	 0.542072
3061	 0.540330
3062	 0.538593
3063	 0.536860
3064	 0.535134
3065	 0.533412
3066	 0.531695
3067	 0.529984
3068	 0.528277
3069	 0.526576
3070	 0.524879
3071	 0.523188
3072	 0.521502
3073	 0.519821
3074	 0.518145
3075	 0.516474
3076	 0.514808
3077	 0.513147
3078	 0.511491
3079	 0.509839
3080	 0.508193
3081	 0.506552
3082	 0.504916
3083	 0.503284
3084	 0.501658
3085	 0.500036
3086	 0.498419
3087	 0.496808
3088	 0.495201
3089	 0.493598
3090	 0.492001
3091	 0.490409
3092	 0.488821
3093	 0.487238
3094	 0.485660
3095	 0.484086
3096	 0.482518
3097	 0.480954
3098	 0.479395
3099	 0.477840
3100	 0.476291
